cation  cnf      L  tem met       odev  bmin  bmax    b3  dbh db12 amin amax   db
str     str      c    K str        mAo    Ao    Ao    Ao  mAo  mAo  deg  deg  mAo
BC1A                    ~R2SCAN     83  3.10  3.10  3.18    6    6  157  157    6
BC1A             2      ~R2SCAN    125  3.15  3.15  3.16    1    1  159  159    1
BC1A             2  293 Mao16a     124  3.18  3.19  3.16   17   17  161  161   17
C2A     x               ~R2SCAN     85  3.11  3.11  3.21    3    3  157  157    3
C2A     y               ~R2SCAN     77  3.08  3.15  3.21   72   21  154  155   21
C4A                     ~R2SCAN     90  3.14  3.15  3.16   13   13  149  149   13
C4A              2      ~R2SCAN     87  3.14  3.16  3.15   14   14  151  151   14
C4A              2  125 Zhang22e    84  3.17  3.17  3.15    5    5  152  152    5
C4A              2  275 Zhang22e    83  3.14  3.15  3.17    5    5  159  159    5
C5A                     ~R2SCAN    160  3.11  3.13  3.16   22   22  151  151   22
C5A              1      ~R2SCAN    181  3.11  3.13  3.15   22   22  154  154   22
C5A              1  100 Hossain24  146  3.14  3.15  3.13   13   13  154  154   13
C6A                     ~R2SCAN     88  3.10  3.11  3.19    8    8  156  156    8
C6A              1      ~R2SCAN    103  3.10  3.11  3.19    8    8  157  157    8
C6A              1  125 Zhang22e   101  3.13  3.15  3.19   18   18  158  158   18
C6A              2      ~R2SCAN     58  3.10  3.10  3.19    2    2  156  156    2
C6A              2  275 Zhang22e    88  3.14  3.15  3.17    7    7  159  159    7
C8A                     ~R2SCAN    180  3.12  3.14  3.16   22   22  151  151   22
C8A              1      ~R2SCAN    159  3.12  3.14  3.16   16   16  151  151   16
C8A              1  125 Zhang22e   125  3.14  3.15  3.14    9    9  153  153    9
CHMA                    ~R2SCAN     88  3.09  3.09  3.19    2    2  156  156    2
CHMA             1      ~R2SCAN     95  3.11  3.11  3.18    2    2  155  155    2
CHMA             1  100 Hossain24   92  3.12  3.12  3.17    2    2  156  156    2
Cs                      ~R2SCAN         3.06  3.06  3.16            180  180    0
Cs      a               ~R2SCAN    112  3.09  3.09  3.16            168  168    0
Cs      a        2      ~R2SCAN     99  3.09  3.09  3.15            169  169    0
MA      BC1A            ~R2SCAN     84  3.12  3.13  3.18    2    2  156  156    2
MA      C4A             ~R2SCAN    100  3.13  3.13  3.17    3    3  148  148    3
MA      MBArac          ~R2SCAN     36  3.07  3.21  3.19  138   62  149  153   63
MA      x               ~R2SCAN     57  3.13  3.13  3.19    1    1  154  154    1
MA      y               ~R2SCAN     97  3.10  3.16  3.19   62   17  153  154   17
MBA     R               ~R2SCAN    146  3.09  3.33  3.17  239   25  151  152  239
MBA     R        2      ~R2SCAN    197  3.03  3.48  3.16  453   47  153  153  453
MBA     R        2  250 Lu20d      281  2.96  3.73  3.16  768   48  153  154  768
MBA     S               ~R2SCAN    146  3.09  3.33  3.17  239   25  151  152  239
MBA     S        2      ~R2SCAN    197  3.02  3.48  3.16  457   46  153  153  457
MBA     S        2  250 Lu20d      281  2.96  3.73  3.16  768   48  153  154  768
MBA     rac             ~R2SCAN    192  3.04  3.33  3.18  292   76  149  155  292
MBA     rac      2      ~R2SCAN    222  3.00  3.46  3.15  466   98  150  155  466
MBA     rac      2  250 Lu20d      286  2.94  3.70  3.17  755   78  153  155  755
MPEA    C2AxL           ~R2SCAN     66  3.13  3.13  3.16    2    2  152  152    2
MPEA    C2AxLLa         ~R2SCAN    102  3.18  3.18  3.15    2    2  153  153    2
MPEA    C2AxR           ~R2SCAN    104  3.11  3.11  3.17    5    5  148  148    5
MPEA    C2AxRLa         ~R2SCAN     60  3.23  3.23  3.09    1    1  162  162    1
MPEA    C2AyL           ~R2SCAN     88  3.03  3.22  3.16  198   88  144  151   88
MPEA    C2AyLLa         ~R2SCAN    182  3.15  3.29  3.11  136    2  159  160  136
MPEA    C2AyR           ~R2SCAN    102  3.10  3.14  3.16   39    7  152  153   36
MPEA    C2AyRLa         ~R2SCAN    124  3.07  3.28  3.15  212   71  152  155  146
MPEA    MBArac          ~R2SCAN    187  3.08  3.19  3.15  108   26  150  152   83
MPEA    PEA             ~R2SCAN    103  3.18  3.18  3.15    1    1  153  153    1
MPEA    PEA2Br          ~R2SCAN    181  3.14  3.16  3.14   22   22  140  140   22
MPEA    PEAz     2      ~R2SCAN     53  3.12  3.13  3.14   10   10  148  149    2
PEA                     ~R2SCAN     51  3.09  3.10  3.19    7    7  153  153    7
PEA              1      ~R2SCAN     49  3.09  3.11  3.19   13   13  150  153   15
PEA              1  296 Sheikh20    43  3.11  3.13  3.16   17   17  155  156    1
PEA              2      ~R2SCAN     57  3.09  3.12  3.17   27   27  156  156    8
PEA              2  100 Hossain24   58  3.11  3.14  3.16   21   21  155  156    5
PEA              2  125 Zhang22e    59  3.11  3.14  3.16   20   20  155  157    6
PEA              2  150 Gao19a      60  3.12  3.14  3.17   21   21  155  156    5
PEA     L               ~R2SCAN     54  3.10  3.10  3.19    3    3  154  154    4
PEA     x        2      ~R2SCAN     52  3.10  3.10  3.18    2    2  153  153    2
PEA     y               ~R2SCAN    140  3.12  3.13  3.15    9    9  150  150    9
PEA     z        2      ~R2SCAN     53  3.09  3.12  3.17   25   25  155  156    8
PEA2Br                  ~R2SCAN     91  3.10  3.12  3.16   11   11  144  144   11
PEA2Br           1      ~R2SCAN     99  3.11  3.13  3.15   14   14  144  144   14
PEA2Br           1  293 Xu03a       70  3.14  3.15  3.16    8    8  149  149    8
PEA4F                   ~R2SCAN     52  3.09  3.10  3.19    6    6  153  153    6
PEA4F            1      ~R2SCAN     54  3.08  3.10  3.17   15   15  155  155   15
PEA4F            1   90 Hossain24   65  3.11  3.12  3.17    6    6  155  155    6
PEA4F            1  293 Mitzi01     73  3.13  3.14  3.18    5    5  156  156    5
TEA                     ~R2SCAN     50  3.10  3.10  3.19    4    4  154  154    4
TEA              2      ~R2SCAN     46  3.09  3.10  3.18    8    8  155  155    5
TEA              2  120 Lin19d      59  3.10  3.12  3.18   11   11  155  155    4
