cation conf   L  tem met        EpK SG0      inv  cen  rot     a     b  dab  dgam   cz1 g2                
str    str    c    K str        meV str      mAo  mAo  mAo    Ao    Ao  mAo   deg    Ao str               
BC1A          2  293 Mao16a       0 Pbca       0    0    0  6.28  6.28    0  -2.8 14.38 -x+1/2,-y+1,z+1/2 
C4A           2  125 Zhang22e     0 Pbca       0    0    0  6.14  6.14    0   2.8 13.07 -x+1/2,-y+1,z+1/2 
C4A           2  275 Zhang22e     0 Pbca       0    0    0  6.18  6.18    0  -1.3 13.79 -x+1/2,-y+1,z+1/2 
C5A           1  100 Hossain24    0 P21/c      0    0    0  6.13  6.13    0  -4.2 14.40                   
C6A           1  125 Zhang22e     0 P21/c      0    0    0  6.17  6.17    0  -1.5 16.14                   
C6A           2  275 Zhang22e     0 Pbca       0    0    0  6.18  6.18    0  -1.6 16.35 -x+1/2,-y+1,z+1/2 
C8A           1  125 Zhang22e     0 P21/c      0    0    0  6.11  6.11    0  -3.2 18.60                   
CHMA          1  100 Hossain24    0 P21/c      0    0    0  6.09  6.09    0   0.2 16.31                   
C5A           1    0 ~R2SCAN   -260 P21/c      0    0    0  6.08  6.08    0  -5.7 14.22                   
C6A           1    0 ~R2SCAN   -240 P21/c      0    0    0  6.09  6.09    0  -1.1 15.78                   
C8A           1    0 ~R2SCAN   -387 P21/c      0    0    0  6.05  6.05    0  -5.0 18.37                   
CHMA          1    0 ~R2SCAN   -200 P21/c      0    0    0  6.07  6.07    0   0.5 15.87                   
PEA2Br        1    0 ~R2SCAN   -228 P21/c      0    0    0  5.94  5.94    0   4.9 18.04                   
PEA4F         1    0 ~R2SCAN   -254 P21/c      0    0    0  6.04  6.04    0   0.7 15.91                   
PEA           1    0 ~R2SCAN    -96 P-1        0    0   87  6.00  6.02  -20   1.2 16.36                   
BC1A          2    0 ~R2SCAN   -246 Pbca       0    0    0  6.19  6.19    0  -2.4 14.06                   
C4A           2    0 ~R2SCAN   -243 Pbca       0    0    0  6.10  6.10    0   3.4 12.80                   
C6A           2    0 ~R2SCAN   -210 Pbca       0    0    0  6.07  6.07    0   0.2 16.22                   
Cs     a      2    0 ~R2SCAN   -271 Pbca       0    0    0  6.15  6.15    0  -4.0  9.42                   
MBA    rac    2    0 ~R2SCAN   -326 Pnma     459    0    0  6.30  6.30    0   4.3 14.17                   
MBA    R      2    0 ~R2SCAN   -288 P212121  437    0    0  6.31  6.31    0   2.2 14.14                   
MBA    S      2    0 ~R2SCAN   -288 P212121  439    0    0  6.32  6.32    0   2.2 14.13                   
MPEA   AbSts  2    0 ~R2SCAN   -101 P-1        0    0   37  6.01  6.02   -8   0.4 17.58                   
MPEA   BbRtsy 2    0 ~R2SCAN      0 Pm       258    0   26  6.19  6.20  -11  -0.0 16.71                   
PEA    x      2    0 ~R2SCAN   -167 Pbca       0    0    0  6.03  6.03    0  -0.0 16.15                   
PEA    z      2    0 ~R2SCAN   -181 P-1        0    0   40  6.11  6.05   59  -0.3 15.69                   
PEA           2    0 ~R2SCAN   -182 P-1        0    0   39  6.11  6.05   61   0.2 15.69                   
TEA           2    0 ~R2SCAN   -238 P-1        0    0   25  6.04  6.05  -16   0.1 15.22                   
BC1A               0 ~R2SCAN      0 p21/b11    0    0    0  6.07  6.07    0  -0.8  0.00                   
C2A                0 A            0 p21/b11    0    0    0  6.10  6.10    0  -0.2  0.00                   
C2A                0 B            6 pb21m    236    0    0  6.08  6.08    0  -0.2  0.00                   
C4A                0 ~R2SCAN      0 p21/b11    0    0    0  6.06  6.06    0   3.6  0.00                   
C5A                0 ~R2SCAN      0 p21/b11    0    0    0  6.05  6.05    0  -5.1  0.00                   
C6A                0 ~R2SCAN      0 p21/b11    0    0    0  6.08  6.08    0  -1.7  0.00                   
C8A                0 ~R2SCAN      0 p21/b11    0    0    0  6.06  6.06    0  -6.0  0.00                   
CHMA               0 ~R2SCAN      0 p21/b11    0    0    0  6.04  6.04    0   0.0  0.00                   
Cs     a           0 ~R2SCAN      0 p21/b11    0    0    0  6.14  6.14    0  -4.4  0.00                   
Cs                 0 ~R2SCAN     13 p4/mmm     0    0    0  6.11  6.11    0   0.0  0.00                   
MA     AB          0 ~R2SCAN      0 p21/b11    0    0    0  6.02  6.02    0   0.6  0.00                   
MA     A           0 ~R2SCAN     10 p21/b11    0    0    0  6.10  6.10    0  -0.4  0.00                   
MA     B           0 ~R2SCAN     16 pb21m    266    0    0  6.09  6.09    0  -0.3  0.00                   
MBA    rac         0 ~R2SCAN      0 pb21m    414    0    0  6.20  6.20    0   4.3  0.00                   
MBA    R           0 ~R2SCAN     40 p2111    340    0    0  6.21  6.21    0   1.1  0.00                   
MBA    S           0 ~R2SCAN     40 p2111    339    0    0  6.21  6.21    0   1.1  0.00                   
MPEA   AaR         0 ~R2SCAN    123 p21/b11    0    0    0  6.08  6.08    0  -0.6  0.00                   
MPEA   AaS         0 ~R2SCAN    165 p21/b11    0    0    0  5.98  5.98    0   0.9  0.00                   
MPEA   AbR         0 ~R2SCAN    247 p21/b11    0    0    0  6.37  6.37    0   2.5  0.00                   
MPEA   AbS         0 ~R2SCAN      0 p21/b11    0    0    0  6.18  6.18    0   1.7  0.00                   
MPEA   ACaS        0 ~R2SCAN    139 p21/b11    0    0    0  5.91  5.91    0   9.5  0.00                   
MPEA   BaR         0 ~R2SCAN    184 pb21m    243    0    0  5.99  5.99    0  -1.6  0.00                   
MPEA   BaS         0 ~R2SCAN    123 pb21m    250    0    0  6.07  6.07    0   0.9  0.00                   
MPEA   BbR         0 ~R2SCAN      2 pb21m    267    0    0  6.18  6.18    0  -1.8  0.00                   
MPEA   BbS         0 ~R2SCAN    278 pb21m    445    0    0  6.34  6.34    0  -1.4  0.00                   
MPEA   BCaR        0 ~R2SCAN    291 pb21m    424    0    0  6.06  6.06    0   0.0  0.00                   
PEA    L           0 ~R2SCAN      0 p-1        0    0   24  6.03  6.03   -1   0.5  0.00                   
PEA    y           0 ~R2SCAN    228 p21/b11    0    0    0  6.04  6.04    0  -3.6  0.00                   
PEA2Br             0 ~R2SCAN      0 p21/b11    0    0    0  5.91  5.91    0   3.9  0.00                   
PEA4F              0 ~R2SCAN      0 p21/b11    0    0    0  6.02  6.02    0   0.6  0.00                   
PEA                0 ~R2SCAN      0 p21/b11    0    0    0  6.03  6.03    0   0.6  0.00                   
TEA                0 ~R2SCAN      0 p21/b11    0    0    0  6.04  6.04    0   0.5  0.00                   
MBA    rac    2  250 Lu20d        0 Pnma     614    0    0  6.44  6.44    0   4.0 14.37 -x,-y,z+1/2       
MBA    R      2  250 Lu20d        0 P212121  628    0    0  6.46  6.46    0   2.8 14.37 -x+1/2,-y,z+1/2   
MBA    S      2  250 Lu20d        0 P212121  627    0    0  6.46  6.46    0   2.8 14.37 -x+1/2,-y,z+1/2   
PEA2Br        1  293 Xu03a        0 P21/c      0    0    0  6.06  6.06    0   2.9 18.51                   
PEA4F         1   90 Hossain24    0 P21/c      0    0    0  6.08  6.08    0   0.9 16.17                   
PEA4F         1  293 Mitzi01      0 P21/c      0    0    0  6.14  6.14    0   1.0 16.46                   
PEA           2  150 Gao19a       0 P-1        0    0   37  6.09  6.14  -53   0.0 16.11 -y+1,-x+1/2,-z+1/2
PEA           2  100 Hossain24    0 P-1        0    0   39  6.13  6.08   53   0.1 16.02 y,x+1/2,-z+1/2    
PEA           1  296 Sheikh20     0 P-1        0    0  115  6.13  6.08   48   0.0 16.03                   
PEA           2  125 Zhang22e     0 P-1        0    0   38  6.14  6.08   52   0.1 16.02 y+1/2,x,-z+1/2    
TEA           2  120 Lin19d       0 P-1        0    0   21  6.06  6.09  -24   0.0 15.46 y,x+1/2,-z+1/2    
