cation conf   L  tem met       invK cenK rotK   dxK   dyK    zK   tK   pK
str    str    c    K str        mAo  mAo  mAo    Ao    Ao    Ao  deg  deg
BC1A          2  293 Mao16a       0    0    0  0.90  0.08  2.48   67  176
C4A           2  125 Zhang22e     0    0    0 -0.35  0.54  2.48   37 -123
C4A           2  275 Zhang22e     0    0    0  0.85  0.01  2.55   61 -179
C5A           1  100 Hossain24    0    0    0  0.00  0.54  2.46   24  -63
C6A           1  125 Zhang22e     0    0    0  0.87 -0.06  2.57   64  180
C6A           2  275 Zhang22e     0    0    0  0.91  0.04  2.52   60 -178
C8A           1  125 Zhang22e     0    0    0  0.05  0.55  2.53   27  -89
CHMA          1  100 Hossain24    0    0    0  0.94 -0.05  2.54   60 -172
C5A           1    0 ~R2SCAN      0    0    0  0.09  0.54  2.45   21  -61
C6A           1    0 ~R2SCAN      0    0    0  0.90 -0.02  2.49   65 -175
C8A           1    0 ~R2SCAN      0    0    0  0.01  0.59  2.46   24  -89
CHMA          1    0 ~R2SCAN      0    0    0  0.97 -0.06  2.49   61 -172
PEA2Br        1    0 ~R2SCAN      0    0    0 -0.59  0.55  2.80   19 -104
PEA4F         1    0 ~R2SCAN      0    0    0  0.95 -0.01  2.56   68  179
PEA           1    0 ~R2SCAN      0    0 1080  1.04 -0.05  2.67   67 -179
BC1A          2    0 ~R2SCAN      0    0    0  0.94  0.11  2.41   67  177
C4A           2    0 ~R2SCAN      0    0    0 -0.39  0.54  2.48   37 -121
C6A           2    0 ~R2SCAN      0    0    0  0.99  0.01  2.48   60  178
Cs     a      2    0 ~R2SCAN      0    0    0  0.19  0.18  2.58    0    0
MBA    rac    2    0 ~R2SCAN      0    0    0 -2.08 -0.80  2.67   56   19
MBA    R      2    0 ~R2SCAN    112    0  112 -0.58  0.76  2.72   55   21
MBA    S      2    0 ~R2SCAN    111    0  111 -0.55  0.62  2.55   54  -24
MPEA   AbSts  2    0 ~R2SCAN      0    0   43 -0.27  0.47  2.69   44  -72
MPEA   BbRtsy 2    0 ~R2SCAN      0    0   77  0.94 -0.39  2.60   61  177
PEA    x      2    0 ~R2SCAN      0    0    0  0.95  0.01  2.61   68  179
PEA    z      2    0 ~R2SCAN      0    0   60  0.97  0.01  2.55   67  175
PEA           2    0 ~R2SCAN      0    0   72  0.97  0.01  2.56   66  174
TEA           2    0 ~R2SCAN      0    0   53  0.96  0.00  2.55   67  176
BC1A               0 ~R2SCAN      0    0    0  0.86  0.04  2.54   65 -177
C2A                0 A            0    0    0  0.93  0.05  2.52   65 -179
C2A                0 B            0    0    0  0.85 -0.14  2.58   65  179
C4A                0 ~R2SCAN      0    0    0 -0.42  0.55  2.58   33 -120
C5A                0 ~R2SCAN      0    0    0  0.00  0.55  2.57   20  -65
C6A                0 ~R2SCAN      0    0    0  0.92  0.00  2.54   65 -174
C8A                0 ~R2SCAN      0    0    0  0.04  0.57  2.49   24  -87
CHMA               0 ~R2SCAN      0    0    0  0.94 -0.04  2.54   60 -172
Cs     a           0 ~R2SCAN      0    0    0  0.22  0.20  2.58    0    0
Cs                 0 ~R2SCAN      0    0    0  0.00  0.00  2.63    0    0
MA     AB          0 ~R2SCAN      0    0    0 -0.29  0.60  2.56   35 -100
MA     A           0 ~R2SCAN      0    0    0  1.04  0.01  2.54   58 -178
MA     B           0 ~R2SCAN      0    0    0  0.87 -0.13  2.58   58  179
MBA    rac         0 ~R2SCAN      0    0    0 -1.96 -0.76  2.70   54   21
MBA    R           0 ~R2SCAN    167    0  167 -0.50  0.72  2.70   54   23
MBA    S           0 ~R2SCAN    166    0  166 -0.48  0.57  2.66   54  -24
MPEA   AaR         0 ~R2SCAN      0    0    0  0.95 -0.06  2.63   52 -176
MPEA   AaS         0 ~R2SCAN      0    0    0  0.24 -0.56  2.63   37  118
MPEA   AbR         0 ~R2SCAN      0    0    0  0.73  0.15  2.37   62  164
MPEA   AbS         0 ~R2SCAN      0    0    0  1.16  0.00  2.60   63 -175
MPEA   ACaS        0 ~R2SCAN      0    0    0 -0.81  0.30  3.00   30 -156
MPEA   BaR         0 ~R2SCAN      0    0    0  1.08 -0.09  2.77   46 -171
MPEA   BaS         0 ~R2SCAN      0    0    0  1.07  0.25  2.65   52  176
MPEA   BbR         0 ~R2SCAN      0    0    0  0.86 -0.28  2.62   64  175
MPEA   BbS         0 ~R2SCAN      0    0    0  1.23  0.34  2.52   66 -163
MPEA   BCaR        0 ~R2SCAN      0    0    0 -1.94 -1.28  2.77    4  -57
PEA    L           0 ~R2SCAN      0    0    3  0.97  0.01  2.61   68  180
PEA    y           0 ~R2SCAN      0    0    0 -0.14  0.53  2.50   22  -74
PEA2Br             0 ~R2SCAN      0    0    0 -0.53  0.55  2.81   18 -111
PEA4F              0 ~R2SCAN      0    0    0  0.97 -0.00  2.63   68  180
PEA                0 ~R2SCAN      0    0    0  0.98  0.00  2.62   68  180
TEA                0 ~R2SCAN      0    0    0 -0.98 -0.01  2.60   67   -1
MBA    rac    2  250 Lu20d        0    0    0 -2.11 -0.82  2.71   55   19
MBA    R      2  250 Lu20d       73    0   73 -0.61  0.80  2.77   55   19
MBA    S      2  250 Lu20d       82    0   82 -0.58  0.61  2.60   54  -23
PEA2Br        1  293 Xu03a        0    0    0 -0.42  0.56  2.73   18 -117
PEA4F         1   90 Hossain24    0    0    0  0.94 -0.02  2.58   68  179
PEA4F         1  293 Mitzi01      0    0    0  0.92 -0.02  2.61   67  180
PEA           2  150 Gao19a       0    0   65  0.94 -0.01  2.60   67  177
PEA           2  100 Hossain24    0    0   77  0.97 -0.02  2.57   68  177
PEA           1  296 Sheikh20     0    0  848  0.92 -0.01  2.58   67  179
PEA           2  125 Zhang22e     0    0  130  0.95 -0.02  2.58   68  180
TEA           2  120 Lin19d       0    0   60  0.93 -0.02  2.59   67  176
