cation conf  L  tem met         x0   y0   z0   y1   z1   x2   z2   x3   y3
str    str   c    K str        mAo  mAo  mAo  mAo  mAo  mAo  mAo  mAo  mAo
BC1A              0 ~R2SCAN      0    0    0  619  101 -576  101 -275  -72
BC1A         2    0 ~R2SCAN      0    0    0  543  195 -413  195 -399  -85
BC1A         2  293 Mao16a       0    0    0  494  209 -341  209 -415 -153
C2A               0 A            0    0    0  611   75 -603   75 -254   -5
C2A               0 B         -174 -112    0  657    0 -659    0   56 -186
C4A               0 ~R2SCAN      0    0    0  612  572 -804  572 -253 -617
C4A          2    0 ~R2SCAN      0    0    0  536  585 -718  585 -271 -648
C4A          2  125 Zhang22e     0    0    0  531  568 -679  568 -251 -659
C4A          2  275 Zhang22e     0    0    0  563  141 -495  141 -301 -125
C5A               0 ~R2SCAN      0    0    0  539  562 -271  562 -352 -517
C5A          1    0 ~R2SCAN      0    0    0  437  566 -135  566 -304 -522
C5A          1  100 Hossain24    0    0    0  431  567 -206  567 -326 -574
C6A               0 ~R2SCAN      0    0    0  632   63 -543   63 -245 -105
C6A          1    0 ~R2SCAN      0    0    0  611   65 -554   65 -301  -92
C6A          1  125 Zhang22e     0    0    0  586   79 -505   79 -299 -100
C6A          2    0 ~R2SCAN      0    0    0  633   66 -645   66 -185  -24
C6A          2  275 Zhang22e     0    0    0  567  133 -478  133 -296 -107
C8A               0 ~R2SCAN      0    0    0  518  600 -200  600 -419 -562
C8A          1    0 ~R2SCAN      0    0    0  528  596 -264  596 -398 -575
C8A          1  125 Zhang22e     0    0    0  461  571 -291  571 -336 -628
CHMA              0 ~R2SCAN      0    0    0  654   12 -656   12 -225  -44
CHMA         1    0 ~R2SCAN      0    0    0  667   -7 -693   -7 -225  -33
CHMA         1  100 Hossain24    0    0    0  661   11 -673   11 -230  -55
Cs                0 ~R2SCAN      0    0    0    0    0    0    0    0    0
Cs     a          0 ~R2SCAN      0    0    0   -0  319  238  319 -284 -264
Cs     a     2    0 ~R2SCAN      0    0    0    0  294  213  294 -274 -256
MA     A          0 ~R2SCAN      0    0    0  694   78 -673   78 -193  -53
MA     AB         0 ~R2SCAN      0    0    0  612  594 -641  594 -331 -521
MA     B          0 ~R2SCAN   -176 -130    0  709    0 -660    0   79 -210
MBA    R          0 ~R2SCAN    668  681   30  788  -16 -832  -12 -163  155
MBA    R     2    0 ~R2SCAN    670  703   30  758   -3 -855    9 -152  158
MBA    R     2  250 Lu20d      667  746   41  743  -10 -870  -32 -160  180
MBA    S          0 ~R2SCAN    669  682  -30  788   17 -831   14 -127  247
MBA    S     2    0 ~R2SCAN    671  705  -30  759    4 -856   -0 -122  244
MBA    S     2  250 Lu20d      667  746  -41  744   10 -870   31 -139  200
MBA    rac        0 ~R2SCAN   -782 -912    0  892    0 -958    0 -172  215
MBA    rac   2    0 ~R2SCAN   -828 -949    0  848    0 -942    0 -136  205
MBA    rac   2  250 Lu20d     -837 -886    0  772    0 -916    0 -152  188
MPEA   ACaS       0 ~R2SCAN      0    0    0  804  725 -1282  725 -332 -707
MPEA   AaR        0 ~R2SCAN      0    0    0  745    0 -715    0 -114 -111
MPEA   AaS        0 ~R2SCAN      0    0    0  655 -548 -702 -548  299  447
MPEA   AbR        0 ~R2SCAN      0    0    0  437  248 -574  248 -262 -334
MPEA   AbS        0 ~R2SCAN      0    0    0  738   -4 -827   -4 -212   90
MPEA   AbSts 2    0 ~R2SCAN      0    0    0  688  467 -716  500 -317 -489
MPEA   BCaR       0 ~R2SCAN   -1159 -1111    0  734    0 -786    0 -187  303
MPEA   BaR        0 ~R2SCAN   -162    6    0  717    0 -793    0  -57  -10
MPEA   BaS        0 ~R2SCAN    181  186    0  731    0 -802    0  139 -163
MPEA   BbR        0 ~R2SCAN   -370 -311    0  765    0 -566    0  -15 -183
MPEA   BbS        0 ~R2SCAN    380  377    0  553    0 -504    0  281 -244
PEA               0 ~R2SCAN      0    0    0  714   37 -744   37 -141    1
PEA          1    0 ~R2SCAN      0    0    0  807  -39 -797   15  -51  -52
PEA          1  296 Sheikh20     0    0    0  642   -1 -670   51  -79  -96
PEA          2    0 ~R2SCAN      0    0    0  638   66 -664   75 -175   -4
PEA          2  100 Hossain24    0    0    0  638   49 -666   50 -172  -25
PEA          2  125 Zhang22e     0    0    0  636   46 -665   52 -183  -30
PEA          2  150 Gao19a       0    0    0  668   45 -646   41 -170  -36
PEA    L          0 ~R2SCAN      0    0    0  701   45 -728   43 -142   -0
PEA    x     2    0 ~R2SCAN      0    0    0  734   36 -733   36 -151  -11
PEA    y          0 ~R2SCAN      0    0    0  493  626 -303  626 -431 -568
PEA    z     2    0 ~R2SCAN      0    0    0  636   69 -639   76 -177  -27
PEA2Br            0 ~R2SCAN      0    0    0  787  557 -988  557 -335 -529
PEA2Br       1    0 ~R2SCAN      0    0    0  785  556 -1034  556 -343 -541
PEA2Br       1  293 Xu03a        0    0    0  653  540 -807  540 -302 -542
PEA4F             0 ~R2SCAN      0    0    0  735   13 -765   13 -135   -2
PEA4F        1    0 ~R2SCAN      0    0    0  659   22 -694   22 -146  -28
PEA4F        1   90 Hossain24    0    0    0  661   21 -707   21 -170  -23
PEA4F        1  293 Mitzi01      0    0    0  641   26 -694   26 -191  -26
TEA               0 ~R2SCAN      0    0    0  701  -43 -729  -43  142    1
TEA          2    0 ~R2SCAN      0    0    0  659   59 -664   46 -135  -52
TEA          2  120 Lin19d       0    0    0  666   39 -664   30 -167  -55
